"AGE","INCOME","OCCUPATION","SOCIAL_STATUS","CLUSTER"
50,12500,2,1,5
50,8500,2,1,3
50,6000,2,1,4
50,8500,2,1,3
50,8500,2,1,3
50,15000,2,1,2
50,6000,2,1,4
50,2500,2,1,1
50,6000,2,1,4
50,12500,2,1,5
50,6000,2,1,4
50,2500,2,1,1
50,2500,1,1,1
50,2500,1,1,1
50,8500,1,1,3
50,2500,0,1,1
50,6000,2,1,4
50,2500,2,1,1
50,2500,1,1,1
50,2500,1,1,1
40,8500,2,1,3
40,6000,2,1,4
40,8500,2,1,3
40,15000,2,1,2
40,6000,2,1,4
40,12500,2,1,5
40,6000,1,1,4
40,6000,1,1,4
40,2500,1,1,1
40,8500,2,1,3
40,2500,2,1,1
30,12500,2,1,5
30,2500,2,1,1
30,6000,2,1,4
20,8500,2,1,3
20,8500,2,1,3
30,2500,2,1,1
50,2500,0,1,1
50,6000,1,1,4
50,2500,2,1,1
30,12500,1,1,5
50,12500,1,1,5
30,12500,1,1,5
50,8500,2,1,3
30,15000,2,1,2
20,15000,1,1,2
50,6000,1,1,4
40,8500,2,1,3
30,15000,1,1,2
50,8500,1,1,3
40,6000,2,1,4
20,15000,2,1,2
30,12500,2,1,5
50,12500,1,1,5
50,2500,0,1,1
40,8500,2,1,3
40,8500,2,1,3
30,6000,2,1,4
30,12500,2,1,5
50,15000,1,1,2
30,6000,2,1,4
50,8500,2,1,3
40,8500,1,1,3
50,15000,0,1,2
40,15000,1,1,2
50,6000,2,1,4
30,12500,2,1,5
40,6000,2,1,4
50,15000,2,1,2
40,12500,2,1,5
50,8500,2,1,3
40,6000,2,1,4
50,2500,2,1,1
30,8500,2,1,3
30,6000,2,1,4
20,8500,2,1,3
30,8500,1,1,3
30,8500,2,1,3
40,8500,2,1,3
30,8500,2,1,3
20,12500,2,1,5
50,12500,2,1,5
30,8500,2,1,3
40,12500,2,1,5
50,8500,1,1,3
30,15000,2,1,2
30,8500,2,1,3
50,8500,2,1,3
40,8500,2,1,3
30,12500,1,1,5
40,2500,0,1,1
50,12500,1,1,5
30,8500,1,1,3
50,2500,0,1,1
40,12500,1,1,5
50,6000,2,1,4
40,8500,2,1,3
50,12500,2,1,5
50,2500,2,1,1
40,15000,2,1,2
50,12500,2,1,5
50,15000,2,1,2
50,8500,2,1,3
30,15000,2,1,2
30,8500,2,1,3
50,6000,2,1,4
40,8500,2,1,3
50,15000,2,1,2
30,15000,2,1,2
30,12500,2,1,5
50,12500,0,1,5
50,8500,2,1,3
50,8500,2,1,3
50,8500,2,1,3
50,8500,2,1,3
30,6000,2,1,4
50,8500,2,1,3
50,8500,2,1,3
40,12500,2,1,5
30,8500,2,1,3
50,2500,0,1,1
40,15000,2,1,2
20,15000,1,1,2
50,15000,2,1,2
30,12500,1,1,5
50,15000,2,1,2
40,15000,2,1,2
40,12500,1,1,5
30,8500,2,1,3
20,15000,2,1,2
40,6000,2,1,4
50,8500,2,1,3
50,2500,0,1,1
50,2500,0,1,1
50,2500,1,1,1
50,8500,1,1,3
40,15000,1,1,2
50,8500,1,1,3
50,2500,0,1,1
50,2500,0,1,1
30,15000,1,1,2
50,6000,0,1,4
40,6000,1,1,4
40,15000,1,1,2
30,6000,1,1,4
50,6000,0,1,4
50,8500,1,1,3
50,2500,1,1,1
30,8500,1,1,3
30,6000,2,1,4
50,15000,2,1,2
30,12500,1,1,5
50,6000,2,1,4
50,12500,2,1,5
40,15000,1,1,2
30,15000,2,1,2
50,2500,0,1,1
50,2500,0,1,1
20,12500,1,1,5
40,12500,1,1,5
50,2500,1,1,1
50,15000,1,1,2
50,2500,1,1,1
40,15000,1,1,2
30,12500,2,1,5
30,6000,1,1,4
30,12500,1,1,5
30,8500,1,1,3
50,6000,1,1,4
50,8500,1,1,3
50,15000,2,1,2
30,8500,2,1,3
30,6000,1,1,4
40,6000,1,1,4
50,6000,2,1,4
50,8500,2,1,3
50,12500,1,1,5
30,12500,2,1,5
30,12500,2,1,5
30,6000,2,1,4
50,6000,2,1,4
40,12500,2,1,5
40,8500,1,1,3
50,8500,2,1,3
40,8500,2,1,3
50,15000,2,1,2
50,6000,1,1,4
50,15000,2,1,2
50,12500,1,1,5
50,2500,0,1,1
30,8500,1,1,3
50,15000,1,1,2
40,8500,2,1,3
40,8500,2,1,3
30,15000,2,1,2
40,8500,2,1,3
40,12500,1,1,5
50,15000,1,1,2
30,2500,0,1,1
30,12500,2,1,5
30,8500,2,1,3
50,6000,2,1,4
40,15000,2,1,2
50,2500,2,1,1
50,2500,2,1,1
40,12500,2,1,5
40,2500,1,1,1
50,8500,2,1,3
50,15000,2,1,2
30,12500,2,1,5
40,15000,2,1,2
30,15000,2,1,2
30,15000,2,1,2
40,15000,2,1,2
50,8500,2,1,3
30,6000,2,1,4
50,8500,2,1,3
30,15000,1,1,2
50,8500,0,1,3
50,2500,0,1,1
50,15000,2,1,2
50,15000,2,1,2
20,8500,2,1,3
50,12500,2,1,5
40,15000,2,1,2
20,15000,2,1,2
50,15000,2,1,2
30,15000,2,1,2
30,12500,2,1,5
50,8500,1,1,3
40,15000,2,1,2
50,15000,1,1,2
50,15000,2,1,2
30,8500,2,1,3
40,15000,2,1,2
30,15000,2,1,2
40,15000,2,1,2
40,15000,2,1,2
30,15000,2,1,2
50,8500,2,1,3
40,8500,2,1,3
50,15000,2,1,2
30,15000,2,1,2
40,15000,1,1,2
30,15000,2,1,2
40,6000,2,1,4
50,15000,2,1,2
50,8500,2,1,3
30,12500,2,1,5
40,15000,1,1,2
50,15000,2,1,2
30,8500,1,1,3
50,2500,1,1,1
30,15000,1,1,2
30,12500,2,1,5
40,15000,1,1,2
40,15000,2,1,2
50,8500,1,1,3
30,12500,2,1,5
50,12500,1,1,5
40,8500,1,1,3
20,2500,0,1,1
40,12500,1,1,5
30,12500,2,1,5
50,15000,2,1,2
50,15000,2,1,2
50,15000,2,1,2
40,12500,1,1,5
50,12500,2,1,5
50,15000,2,1,2
40,15000,2,1,2
50,8500,2,1,3
50,12500,2,1,5
20,8500,2,1,3
50,12500,2,1,5
40,15000,2,1,2
40,2500,2,1,1
20,15000,2,1,2
50,15000,2,1,2
50,15000,1,1,2
40,8500,2,1,3
40,12500,2,1,5
30,12500,2,1,5
20,6000,1,1,4
20,2500,1,1,1
50,12500,2,1,5
50,8500,2,1,3
30,15000,2,1,2
50,15000,2,1,2
50,8500,1,1,3
50,15000,1,1,2
50,12500,1,1,5
50,8500,2,1,3
30,15000,2,1,2
40,12500,2,1,5
30,12500,1,1,5
50,15000,2,1,2
50,12500,2,1,5
40,15000,2,1,2
30,8500,2,1,3
30,15000,1,1,2
20,2500,0,1,1
40,8500,2,1,3
50,12500,2,1,5
40,12500,2,1,5
30,12500,2,1,5
40,12500,1,1,5
40,8500,1,1,3
50,15000,2,1,2
50,6000,2,1,4
50,8500,2,1,3
50,6000,1,1,4
40,8500,1,1,3
50,15000,2,1,2
30,12500,2,1,5
50,15000,2,1,2
40,15000,1,1,2
40,6000,1,1,4
50,12500,2,1,5
30,8500,1,1,3
30,6000,2,1,4
50,12500,1,1,5
30,2500,2,1,1
30,8500,2,1,3
40,15000,2,1,2
50,8500,0,1,3
40,15000,2,1,2
50,12500,1,1,5
50,12500,1,1,5
40,2500,2,1,1
40,8500,2,1,3
50,2500,1,1,1
40,2500,2,1,1
30,15000,1,1,2
40,2500,2,1,1
50,12500,2,1,5
30,2500,1,1,1
30,15000,1,1,2
30,8500,0,1,3
20,15000,1,1,2
40,12500,1,1,5
40,15000,2,1,2
30,15000,2,1,2
30,12500,1,1,5
30,8500,2,1,3
50,15000,1,1,2
50,8500,2,1,3
40,8500,2,1,3
50,8500,2,1,3
20,8500,1,1,3
30,8500,2,1,3
50,12500,2,1,5
40,12500,2,1,5
40,15000,2,1,2
30,12500,2,1,5
30,15000,1,1,2
30,12500,2,1,5
50,15000,1,1,2
40,15000,1,1,2
40,8500,2,1,3
30,15000,1,1,2
50,2500,2,1,1
30,15000,2,1,2
40,8500,2,1,3
50,15000,2,1,2
50,12500,1,1,5
30,15000,2,1,2
30,8500,1,1,3
30,15000,1,1,2
50,8500,1,1,3
50,8500,2,1,3
20,6000,1,1,4
50,12500,2,1,5
50,15000,2,1,2
50,2500,2,1,1
30,8500,2,1,3
50,2500,2,1,1
50,8500,2,1,3
50,6000,2,1,4
40,12500,2,1,5
50,8500,2,1,3
50,2500,0,1,1
50,15000,2,1,2
30,12500,2,1,5
50,8500,2,1,3
40,12500,1,1,5
30,12500,1,1,5
30,2500,2,1,1
30,15000,2,1,2
40,15000,1,1,2
50,12500,0,1,5
30,15000,1,1,2
50,8500,2,1,3
50,15000,2,1,2
40,8500,1,1,3
40,12500,1,1,5
50,12500,2,1,5
50,15000,2,1,2
40,6000,1,1,4
50,8500,2,1,3
50,2500,2,1,1
50,12500,2,1,5
30,15000,1,1,2
40,8500,2,1,3
40,8500,1,1,3
50,12500,2,1,5
40,15000,1,1,2
40,12500,1,1,5
50,15000,1,1,2
40,15000,1,1,2
40,15000,1,1,2
50,8500,2,1,3
50,2500,2,1,1
50,12500,2,1,5
50,8500,2,1,3
40,12500,2,1,5
30,15000,2,1,2
40,15000,2,1,2
40,8500,1,1,3
40,15000,2,1,2
30,6000,1,1,4
20,8500,1,1,3
30,8500,1,1,3
30,8500,2,1,3
40,6000,1,1,4
30,6000,2,1,4
40,15000,2,1,2
50,15000,1,1,2
30,12500,1,1,5
30,15000,2,1,2
40,6000,2,1,4
40,2500,0,1,1
50,2500,2,1,1
30,15000,1,1,2
50,2500,0,1,1
50,8500,2,1,3
40,15000,1,1,2
40,15000,1,1,2
50,2500,1,1,1
50,15000,1,1,2
40,15000,1,1,2
30,15000,1,1,2
50,15000,1,1,2
40,15000,2,1,2
30,15000,2,1,2
30,15000,2,1,2
40,15000,1,1,2
40,15000,2,1,2
40,15000,2,1,2
40,15000,2,1,2
40,15000,2,1,2
40,15000,2,1,2
30,15000,0,1,2
40,15000,1,1,2
40,15000,1,1,2
50,15000,0,1,2
40,15000,1,1,2
50,15000,2,1,2
30,15000,0,1,2
50,2500,1,1,1
20,12500,1,1,5
40,12500,1,1,5
50,6000,0,1,4
40,6000,1,1,4
40,2500,1,1,1
50,2500,1,1,1
30,15000,1,1,2
40,6000,0,1,4
40,6000,0,1,4
20,15000,0,1,2
50,15000,1,1,2
40,2500,1,1,1
50,8500,1,1,3
40,12500,1,1,5
50,12500,1,1,5
50,2500,0,1,1
50,15000,2,1,2
50,8500,1,1,3
30,12500,1,1,5
50,6000,1,1,4
50,12500,0,1,5
40,2500,0,1,1
50,2500,0,1,1
50,12500,1,1,5
50,12500,1,1,5
40,12500,1,1,5
40,15000,1,1,2
50,12500,2,1,5
50,15000,2,1,2
30,15000,1,1,2
50,15000,0,1,2
50,2500,0,1,1
40,15000,1,1,2
50,15000,1,1,2
50,15000,1,1,2
40,6000,0,1,4
40,6000,1,1,4
50,6000,2,1,4
30,15000,2,1,2
30,15000,1,1,2
30,2500,1,1,1
50,12500,2,1,5
40,6000,2,1,4
50,15000,1,1,2
30,15000,2,1,2
40,12500,1,1,5
40,12500,1,1,5
30,15000,1,1,2
50,12500,1,1,5
40,2500,1,1,1
50,12500,1,1,5
50,6000,1,1,4
50,6000,0,1,4
50,2500,0,1,1
50,2500,1,1,1
50,8500,1,1,3
50,15000,1,1,2
50,6000,1,1,4
50,6000,2,1,4
50,2500,0,1,1
50,2500,2,1,1
50,8500,2,1,3
50,12500,1,1,5
50,12500,1,1,5
50,2500,1,1,1
30,12500,1,1,5
50,6000,1,1,4
30,15000,2,1,2
30,2500,1,1,1
50,2500,1,1,1
50,15000,1,1,2
50,2500,1,1,1
50,8500,0,1,3
50,2500,1,1,1
50,15000,2,1,2
30,15000,2,1,2
50,15000,2,1,2
50,15000,2,1,2
50,2500,0,1,1
30,2500,1,1,1
30,15000,2,1,2
30,15000,1,1,2
30,12500,2,1,5
50,15000,2,1,2
40,15000,1,1,2
50,8500,1,1,3
50,15000,2,1,2
20,2500,0,1,1
50,15000,2,1,2
30,2500,1,1,1
50,2500,2,1,1
30,15000,2,1,2
50,15000,1,1,2
40,12500,2,1,5
50,8500,2,1,3
40,12500,1,1,5
50,15000,1,1,2
50,12500,0,1,5
30,12500,1,1,5
40,8500,1,1,3
30,125000,1,1,6
40,15000,2,1,2
50,12500,1,1,5
40,8500,1,1,3
40,8500,1,1,3
50,6000,1,1,4
50,8500,1,1,3
40,6000,1,1,4
50,2500,1,1,1
40,6000,1,1,4
50,6000,1,1,4
30,2500,1,1,1
50,6000,0,1,4
50,2500,0,1,1
40,12500,2,1,5
40,12500,1,1,5
50,2500,0,1,1
50,15000,1,1,2
30,12500,1,1,5
50,15000,1,1,2
40,15000,2,1,2
50,12500,1,1,5
50,15000,1,1,2
50,15000,1,1,2
40,2500,0,1,1
20,12500,2,1,5
50,2500,0,1,1
50,2500,0,1,1
50,12500,1,1,5
30,12500,1,1,5
50,2500,0,1,1
40,2500,0,1,1
50,2500,0,1,1
50,2500,1,1,1
30,6000,1,1,4
30,6000,1,1,4
40,15000,1,1,2
50,6000,1,1,4
50,15000,1,1,2
30,6000,1,1,4
40,2500,0,1,1
50,12500,1,1,5
50,15000,2,1,2
40,15000,2,1,2
30,8500,2,1,3
50,6000,1,1,4
40,15000,1,1,2
50,15000,2,1,2
50,2500,0,1,1
50,15000,2,1,2
50,2500,0,1,1
30,15000,2,1,2
20,2500,1,1,1
50,15000,2,1,2
40,15000,1,1,2
30,15000,0,1,2
50,15000,1,1,2
50,15000,2,1,2
30,15000,0,1,2
30,15000,1,1,2
40,2500,1,1,1
30,15000,2,1,2
50,2500,0,1,1
40,2500,0,1,1
50,15000,1,1,2
40,2500,0,1,1
30,2500,1,1,1
30,12500,1,1,5
40,2500,0,1,1
40,15000,2,1,2
50,15000,2,1,2
50,15000,2,1,2
50,15000,2,1,2
40,2500,0,1,1
50,12500,1,1,5
50,8500,2,1,3
30,12500,1,1,5
30,12500,2,1,5
50,2500,0,1,1
30,2500,1,1,1
50,12500,2,1,5
40,12500,1,1,5
30,6000,1,1,4
40,6000,1,1,4
30,15000,2,1,2
40,15000,2,1,2
40,15000,2,1,2
50,15000,0,1,2
40,2500,2,1,1
50,2500,1,1,1
50,12500,1,1,5
40,12500,1,1,5
50,15000,2,1,2
40,15000,2,1,2
40,6000,0,1,4
50,15000,2,1,2
50,15000,2,1,2
50,15000,2,1,2
50,15000,2,1,2
30,2500,2,1,1
30,15000,2,1,2
30,2500,0,1,1
30,2500,0,1,1
40,15000,1,1,2
40,15000,2,1,2
50,15000,2,1,2
40,15000,2,1,2
50,15000,2,1,2
50,6000,1,1,4
50,12500,1,1,5
50,12500,2,1,5
50,8500,1,1,3
50,8500,0,1,3
40,6000,1,1,4
30,15000,2,1,2
40,8500,2,1,3
30,15000,2,1,2
30,15000,2,1,2
40,12500,2,1,5
40,6000,1,1,4
30,2500,2,1,1
50,6000,2,1,4
30,6000,2,1,4
40,15000,2,1,2
40,2500,2,1,1
30,2500,2,1,1
40,15000,2,1,2
20,15000,2,1,2
50,2500,2,1,1
40,6000,2,1,4
20,6000,0,1,4
50,8500,2,1,3
40,12500,1,1,5
50,12500,2,1,5
30,2500,1,1,1
40,6000,1,1,4
50,15000,2,1,2
50,15000,1,1,2
40,8500,2,1,3
30,8500,1,1,3
50,8500,1,1,3
30,15000,1,1,2
50,15000,2,1,2
50,2500,0,1,1
40,15000,2,1,2
40,15000,2,1,2
30,12500,1,1,5
30,8500,1,1,3
40,15000,2,1,2
30,15000,2,1,2
30,15000,2,1,2
40,15000,2,1,2
30,15000,2,1,2
40,8500,2,1,3
40,8500,0,1,3
30,6000,0,1,4
30,8500,2,1,3
40,8500,2,1,3
20,15000,2,1,2
50,15000,2,1,2
50,15000,2,1,2
50,15000,2,1,2
30,15000,2,1,2
50,15000,2,1,2
50,15000,2,1,2
50,15000,2,1,2
50,6000,0,1,4
40,15000,2,1,2
30,2500,1,1,1
30,6000,1,1,4
50,15000,1,1,2
40,15000,0,1,2
50,15000,2,1,2
50,15000,2,1,2
40,15000,2,1,2
50,15000,2,1,2
40,15000,2,1,2
30,15000,2,1,2
30,15000,2,1,2
20,15000,2,1,2
20,2500,0,1,1
20,2500,2,1,1
40,6000,1,1,4
50,15000,2,1,2
50,15000,2,1,2
50,15000,2,1,2
40,15000,2,1,2
50,15000,2,1,2
50,12500,2,1,5
30,15000,2,1,2
20,15000,2,1,2
50,6000,1,1,4
40,2500,2,1,1
30,8500,1,1,3
50,12500,2,1,5
40,12500,2,1,5
40,15000,2,1,2
50,12500,2,1,5
50,15000,2,1,2
30,15000,2,1,2
50,12500,1,1,5
40,15000,2,1,2
40,15000,2,1,2
40,15000,2,1,2
50,2500,2,1,1
50,15000,2,1,2
40,8500,0,1,3
30,15000,1,1,2
50,2500,2,1,1
30,2500,0,1,1
40,2500,0,1,1
40,8500,2,1,3
50,8500,1,1,3
40,15000,2,1,2
50,6000,2,1,4
40,15000,2,1,2
30,2500,2,1,1
50,2500,2,1,1
50,8500,2,1,3
50,2500,2,1,1
30,2500,0,1,1
40,6000,2,1,4
50,8500,2,1,3
40,6000,2,1,4
30,2500,1,1,1
30,2500,0,1,1
50,6000,2,1,4
30,2500,0,1,1
50,2500,2,1,1
50,15000,2,1,2
50,2500,2,1,1
50,2500,0,1,1
50,2500,1,1,1
50,2500,2,1,1
40,8500,2,1,3
50,8500,2,1,3
40,2500,1,1,1
20,2500,2,1,1
30,2500,0,1,1
40,15000,2,1,2
40,2500,2,1,1
40,15000,1,1,2
30,6000,0,1,4
40,15000,1,1,2
40,2500,2,1,1
40,15000,2,1,2
20,8500,2,1,3
30,15000,2,1,2
30,8500,1,1,3
50,6000,1,1,4
30,8500,2,1,3
40,15000,2,1,2
50,8500,1,1,3
50,15000,2,1,2
30,15000,2,1,2
50,15000,2,1,2
40,15000,2,1,2
40,15000,2,1,2
30,15000,0,1,2
40,8500,2,1,3
50,15000,2,1,2
50,15000,2,1,2
40,8500,1,1,3
50,8500,2,1,3
50,15000,2,1,2
50,8500,0,1,3
50,8500,2,1,3
40,6000,1,1,4
40,6000,2,1,4
40,8500,2,1,3
50,15000,1,1,2
40,8500,2,1,3
40,8500,2,1,3
40,8500,1,1,3
50,8500,1,1,3
40,8500,2,1,3
30,15000,2,1,2
20,8500,2,1,3
40,8500,2,1,3
40,8500,0,1,3
50,8500,0,1,3
50,8500,1,1,3
40,15000,1,1,2
50,15000,2,1,2
20,2500,1,1,1
30,15000,1,1,2
30,2500,0,1,1
30,6000,1,1,4
50,8500,2,1,3
50,15000,1,1,2
50,2500,0,1,1
40,15000,1,1,2
50,8500,1,1,3
30,15000,2,1,2
20,8500,1,1,3
30,15000,1,1,2
50,8500,1,1,3
40,6000,1,1,4
20,2500,0,1,1
40,8500,1,1,3
50,2500,2,1,1
30,15000,1,1,2
50,2500,1,1,1
50,15000,1,1,2
50,6000,1,1,4
50,15000,1,1,2
30,15000,1,1,2
50,15000,1,1,2
50,2500,0,1,1
50,2500,1,1,1
40,8500,1,1,3
40,15000,1,1,2
50,15000,1,1,2
50,2500,0,1,1
50,2500,0,1,1
50,6000,0,1,4
50,2500,0,1,1
40,15000,1,1,2
40,8500,0,1,3
50,6000,1,1,4
30,15000,1,1,2
50,8500,1,1,3
50,15000,1,1,2
40,15000,0,1,2
50,15000,1,1,2
50,2500,0,1,1
40,6000,1,1,4
50,6000,1,1,4
40,12500,1,1,5
50,15000,2,1,2
50,15000,2,1,2
40,15000,2,1,2
50,15000,2,1,2
50,2500,0,1,1
50,2500,1,1,1
20,8500,0,1,3
40,15000,1,1,2
50,15000,2,1,2
50,8500,2,1,3
40,15000,2,1,2
50,8500,2,1,3
50,6000,1,1,4
50,15000,2,1,2
50,6000,1,1,4
50,2500,2,1,1
30,15000,1,1,2
50,8500,1,1,3
40,12500,1,1,5
40,6000,1,1,4
20,15000,1,1,2
50,12500,2,1,5
40,15000,2,1,2
40,2500,1,1,1
30,2500,1,1,1
50,2500,0,1,1
30,15000,1,1,2
30,8500,1,1,3
30,15000,1,1,2
50,6000,0,1,4
40,15000,1,1,2
50,6000,1,1,4
50,2500,1,1,1
50,2500,1,1,1
30,15000,1,1,2
40,8500,1,1,3
40,2500,2,1,1
50,2500,0,1,1
20,15000,2,1,2
50,15000,2,1,2
40,6000,1,1,4
50,15000,1,1,2
50,2500,1,1,1
50,8500,1,1,3
50,6000,1,1,4
50,15000,1,1,2
20,12500,1,1,5
30,15000,1,1,2
50,15000,1,1,2
50,2500,0,1,1
40,12500,2,1,5
40,15000,2,1,2
50,2500,0,1,1
50,15000,2,1,2
50,15000,2,1,2
40,12500,2,1,5
50,2500,2,1,1
50,2500,2,1,1
40,15000,2,1,2
50,12500,2,1,5
50,15000,1,1,2
30,15000,2,1,2
50,15000,2,1,2
50,15000,2,1,2
30,8500,1,1,3
50,15000,2,1,2
40,12500,2,1,5
50,15000,2,1,2
50,15000,2,1,2
30,8500,2,1,3
30,15000,2,1,2
50,15000,2,1,2
50,6000,1,1,4
40,15000,1,1,2
40,15000,1,1,2
40,15000,2,1,2
50,15000,1,1,2
50,2500,1,1,1
40,15000,2,1,2
40,2500,1,1,1
40,8500,2,1,3
50,15000,0,1,2
30,8500,2,1,3
30,6000,2,1,4
40,2500,1,1,1
50,15000,1,1,2
30,15000,2,1,2
40,15000,2,1,2
40,12500,1,1,5
30,15000,2,1,2
50,6000,2,1,4
50,2500,0,1,1
50,2500,0,1,1
40,2500,1,1,1
40,2500,0,1,1
50,2500,0,1,1
50,15000,1,1,2
40,15000,1,1,2
30,15000,1,1,2
50,6000,1,1,4
30,15000,2,1,2
50,12500,0,1,5
50,12500,2,1,5
30,15000,1,1,2
40,2500,2,1,1
50,15000,2,1,2
50,2500,2,1,1
50,15000,2,1,2
50,8500,1,1,3
50,12500,0,1,5
50,12500,1,1,5
50,12500,2,1,5
40,15000,2,1,2
30,15000,2,1,2
50,15000,2,1,2
30,15000,2,1,2
50,15000,2,1,2
50,6000,1,1,4
50,8500,1,1,3
40,15000,0,1,2
40,15000,1,1,2
40,15000,1,1,2
50,2500,0,1,1
40,15000,2,1,2
30,15000,2,1,2
50,8500,1,1,3
30,15000,2,1,2
40,12500,2,1,5
50,15000,1,1,2
50,15000,1,1,2
50,15000,2,1,2
50,15000,2,1,2
40,15000,2,1,2
40,15000,2,1,2
50,8500,2,1,3
50,15000,1,1,2
50,15000,2,1,2
50,15000,1,1,2
50,15000,2,1,2
50,15000,2,1,2
50,15000,2,1,2
30,15000,1,1,2
50,15000,1,1,2
50,15000,1,1,2
50,15000,1,1,2
20,2500,0,1,1
50,15000,1,1,2
40,15000,1,1,2
30,8500,2,1,3
50,15000,2,1,2
50,15000,2,1,2
50,15000,2,1,2
40,15000,2,1,2
50,15000,2,1,2
40,15000,1,1,2
50,15000,2,1,2
30,15000,1,1,2
50,15000,1,1,2
40,12500,1,1,5
50,8500,0,1,3
40,6000,2,1,4
50,15000,2,1,2
40,15000,2,1,2
40,15000,2,1,2
40,15000,2,1,2
50,15000,2,1,2
30,12500,2,1,5
50,15000,2,1,2
50,15000,2,1,2
50,15000,2,1,2
50,15000,1,1,2
40,15000,1,1,2
30,15000,2,1,2
50,15000,2,1,2
40,15000,2,1,2
30,15000,2,1,2
50,15000,2,1,2
40,6000,2,1,4
50,15000,0,1,2
30,15000,2,1,2
30,2500,0,1,1
50,8500,1,1,3
50,6000,1,1,4
30,15000,2,1,2
40,12500,2,1,5
50,15000,2,1,2
50,8500,2,1,3
30,2500,2,1,1
50,15000,2,1,2
30,8500,2,1,3
30,8500,2,1,3
30,15000,1,1,2
40,15000,1,1,2
50,12500,1,1,5
40,15000,0,1,2
40,15000,2,1,2
50,15000,1,1,2
30,15000,1,1,2
30,12500,2,1,5
40,2500,2,1,1
50,8500,1,1,3
30,12500,1,1,5
40,8500,1,1,3
20,12500,1,1,5
20,6000,1,1,4
30,15000,1,1,2
40,2500,0,1,1
20,2500,0,1,1
40,12500,1,1,5
50,12500,1,1,5
50,15000,2,1,2
30,2500,0,1,1
30,2500,0,1,1
50,2500,0,1,1
50,12500,2,1,5
40,8500,1,1,3
30,15000,2,1,2
40,2500,0,1,1
50,12500,1,1,5
30,15000,1,1,2
40,15000,2,1,2
50,12500,1,1,5
40,2500,0,1,1
40,15000,1,1,2
30,15000,2,1,2
30,2500,0,1,1
50,2500,0,1,1
30,15000,1,1,2
50,2500,1,1,1
40,15000,1,1,2
30,15000,2,1,2
50,12500,1,1,5
50,2500,1,1,1
30,15000,2,1,2
40,15000,1,1,2
20,15000,1,1,2
40,2500,0,1,1
40,15000,1,1,2
30,15000,1,1,2
20,2500,1,1,1
50,15000,2,1,2
30,15000,2,1,2
30,2500,0,1,1
50,15000,2,1,2
40,15000,2,1,2
50,15000,1,1,2
50,15000,2,1,2
40,15000,1,1,2
30,15000,1,1,2
50,15000,1,1,2
50,15000,2,1,2
58,2500,2,1,1
30,2500,0,1,1
50,15000,0,1,2
50,12500,1,1,5
50,15000,1,1,2
40,15000,1,1,2
40,15000,2,1,2
20,15000,2,1,2
30,15000,1,1,2
30,15000,2,1,2
50,15000,1,1,2
50,15000,1,1,2
50,12500,2,1,5
30,15000,2,1,2
30,15000,2,1,2
30,12500,0,1,5
40,15000,2,1,2
40,15000,2,1,2
50,15000,2,1,2
50,15000,2,1,2
30,8500,0,1,3
20,15000,2,1,2
50,12500,1,1,5
50,15000,2,1,2
30,15000,2,1,2
50,15000,1,1,2
40,15000,1,1,2
40,15000,1,1,2
40,100000,1,1,6
50,2500,1,1,1
30,15000,1,1,2
30,30000,1,1,2
30,50000,1,1,2
40,15000,1,1,2
50,15000,2,1,2
40,2500,1,1,1
50,15000,1,1,2
40,6000,2,1,4
50,12500,1,1,5
40,2500,1,1,1
40,25000,2,1,2
30,12500,2,1,5
40,15000,1,1,2
50,15000,2,1,2
40,15000,2,1,2
40,15000,2,1,2
30,15000,2,1,2
30,15000,2,1,2
30,15000,2,1,2
50,10000,1,1,3
40,5000,2,1,4
50,15000,2,1,2
40,15000,2,1,2
30,60000,1,1,6
50,15000,1,1,2
30,15000,1,1,2
40,15000,2,1,2
40,15000,2,1,2
22,15000,1,1,2
39,15000,2,1,2
50,15000,2,1,2
50,8500,1,1,3
40,15000,1,1,2
39,15000,2,1,2
30,15000,2,1,2
30,15000,2,1,2
45,15000,2,1,2
61,8500,2,1,3
55,8500,2,1,3
40,15000,1,1,2
40,15000,1,1,2
50,15000,1,1,2
50,15000,1,1,2
50,8500,0,1,3
50,15000,1,1,2
50,2500,1,1,1
40,15000,2,1,2
30,15000,2,1,2
40,15000,1,1,2
30,15000,1,1,2
40,15000,0,1,2
50,2500,1,1,1
30,15000,1,1,2
20,15000,1,1,2
30,15000,1,1,2
40,15000,0,1,2
58,2500,0,1,1
63,2500,0,1,1
66,15000,1,1,2
58,2500,1,1,1
30,15000,2,1,2
50,2500,0,1,1
61,15000,0,1,2
50,15000,0,1,2
40,15000,1,1,2
50,15000,1,1,2
50,15000,1,1,2
50,15000,1,1,2
50,15000,2,1,2
50,15000,2,1,2
50,2500,1,1,1
40,15000,2,1,2
50,15000,2,1,2
40,15000,2,1,2
40,15000,2,1,2
50,15000,2,1,2
30,15000,2,1,2
40,15000,2,1,2
50,15000,2,1,2
50,15000,1,1,2
50,15000,1,1,2
40,15000,1,1,2
30,15000,1,1,2
50,15000,2,1,2
20,15000,1,1,2
40,15000,2,1,2
40,15000,1,1,2
30,15000,2,1,2
50,15000,1,1,2
40,15000,2,1,2
50,15000,2,1,2
40,15000,2,1,2
20,15000,1,1,2
50,15000,2,1,2
30,15000,2,1,2
30,15000,2,1,2
50,15000,1,1,2
50,15000,2,1,2
50,15000,1,1,2
40,15000,1,1,2
40,15000,2,1,2
50,15000,1,1,2
50,15000,1,1,2
30,15000,2,1,2
40,15000,2,1,2
40,15000,2,1,2
30,15000,1,1,2
40,15000,2,1,2
40,15000,2,1,2
40,15000,1,1,2
40,15000,1,1,2
30,15000,2,1,2
50,15000,1,1,2
40,15000,2,1,2
50,15000,2,1,2
40,15000,2,1,2
50,15000,2,1,2
50,15000,1,1,2
40,15000,2,1,2
50,15000,2,1,2
50,15000,2,1,2
40,15000,2,1,2
50,15000,2,1,2
50,15000,1,1,2
20,15000,2,1,2
50,15000,1,1,2
50,15000,2,1,2
50,15000,2,1,2
50,15000,2,1,2
50,15000,2,1,2
50,15000,2,1,2
40,2500,0,1,1
20,15000,1,1,2
20,15000,1,1,2
50,15000,1,1,2
40,15000,2,1,2
30,15000,0,1,2
50,15000,1,1,2
50,15000,1,1,2
30,15000,2,1,2
50,15000,1,1,2
30,15000,1,1,2
30,2500,0,1,1
40,15000,1,1,2
50,12500,1,1,5
50,15000,1,1,2
50,8500,1,1,3
50,8500,1,1,3
20,8500,1,1,3
50,8500,1,1,3
50,15000,2,1,2
50,15000,2,1,2
40,6000,1,1,4
50,8500,2,1,3
50,8500,1,1,3
50,12500,1,1,5
30,15000,2,1,2
50,6000,1,1,4
30,15000,1,1,2
30,15000,1,1,2
40,15000,1,1,2
30,6000,2,1,4
30,15000,1,1,2
30,15000,2,1,2
50,15000,1,1,2
40,8500,1,1,3
50,15000,1,1,2
50,2500,0,1,1
30,15000,2,1,2
50,2500,0,1,1
50,15000,2,1,2
30,15000,2,1,2
50,15000,2,1,2
50,15000,2,1,2
30,12500,2,1,5
30,12500,1,1,5
30,2500,2,1,1
30,15000,2,1,2
30,12500,2,1,5
30,2500,2,1,1
30,12500,2,1,5
50,12500,2,1,5
30,12500,2,1,5
50,15000,1,1,2
50,15000,2,1,2
30,15000,1,1,2
50,15000,1,1,2
30,8500,2,1,3
30,15000,1,1,2
20,12500,2,1,5
50,15000,2,1,2
40,6000,1,1,4
40,2500,2,1,1
40,15000,1,1,2
50,15000,1,1,2
40,8500,2,1,3
50,6000,2,1,4
40,15000,2,1,2
40,8500,1,1,3
50,12500,2,1,5
50,15000,1,1,2
50,12500,1,1,5
50,15000,0,1,2
50,15000,0,1,2
50,8500,0,1,3
50,15000,2,1,2
40,12500,1,1,5
30,15000,2,1,2
30,8500,2,1,3
40,8500,2,1,3
30,2500,0,1,1
30,6000,1,1,4
40,2500,2,1,1
40,8500,2,1,3
50,12500,2,1,5
50,2500,0,1,1
20,8500,2,1,3
20,15000,0,1,2
20,12500,0,1,5
30,15000,0,1,2
30,15000,0,1,2
40,15000,0,1,2
30,15000,0,1,2
50,6000,1,1,4
30,2500,0,1,1
40,2500,0,1,1
50,8500,2,1,3
30,8500,1,1,3
50,8500,1,1,3
30,15000,2,1,2
50,15000,0,1,2
50,2500,1,1,1
50,15000,2,1,2
40,6000,0,1,4
50,2500,0,1,1
50,8500,1,1,3
30,15000,2,1,2
50,15000,1,1,2
40,15000,1,1,2
50,2500,1,1,1
30,15000,2,1,2
50,15000,2,1,2
30,15000,1,1,2
30,15000,1,1,2
40,15000,1,1,2
40,6000,2,1,4
40,15000,1,1,2
30,15000,1,1,2
60,2500,2,1,1
40,2500,2,1,1
20,15000,1,1,2
30,15000,0,1,2
50,2500,1,1,1
50,15000,1,1,2
30,15000,1,1,2
40,15000,1,1,2
50,15000,1,1,2
40,15000,0,1,2
30,15000,1,1,2
30,15000,1,1,2
20,15000,0,1,2
50,15000,1,1,2
30,15000,1,1,2
50,15000,0,1,2
40,2500,0,1,1
40,15000,0,1,2
60,15000,0,1,2
30,15000,0,1,2
30,15000,1,1,2
40,15000,0,1,2
50,15000,1,1,2
20,15000,1,1,2
50,15000,1,1,2
20,6000,1,1,4
30,6000,1,1,4
40,6000,1,1,4
30,6000,1,1,4
30,15000,1,1,2
40,2500,0,1,1
40,12500,0,1,5
50,2500,0,1,1
50,8500,0,1,3
59,2500,1,1,1
40,2500,1,1,1
30,6000,1,1,4
30,2500,0,1,1
30,6000,1,1,4
40,2500,1,1,1
30,8500,1,1,3
30,2500,1,1,1
50,12500,1,1,5
30,8500,1,1,3
50,15000,1,1,2
40,15000,1,1,2
30,2500,0,1,1
50,6000,1,1,4
20,15000,1,1,2
40,2500,1,1,1
40,2500,0,1,1
30,2500,1,1,1
50,12500,1,1,5
58,2500,1,1,1
50,15000,1,1,2
40,2500,1,1,1
40,2500,2,1,1
30,12500,1,1,5
50,12500,1,1,5
50,15000,1,1,2
30,15000,1,1,2
30,2500,1,1,1
50,2500,1,1,1
50,2500,1,1,1
60,8500,1,1,3
50,6000,1,1,4
40,6000,1,1,4
40,15000,0,1,2
20,2500,0,1,1
30,2500,2,1,1
40,15000,2,1,2
40,15000,2,1,2
50,15000,1,1,2
30,15000,1,1,2
50,15000,2,1,2
60,15000,1,1,2
60,6000,1,1,4
50,15000,0,1,2
30,15000,1,1,2
20,15000,1,1,2
50,2500,0,1,1
50,6000,1,1,4
50,12500,1,1,5
40,15000,1,1,2
40,2500,0,1,1
30,2500,1,1,1
50,12500,1,1,5
50,2500,0,1,1
40,15000,1,1,2
20,15000,1,1,2
50,2500,0,1,1
50,2500,0,1,1
40,2500,0,1,1
50,2500,0,1,1
40,8500,1,1,3
30,12500,0,1,5
50,2500,0,1,1
40,12500,0,1,5
50,15000,1,1,2
30,2500,0,1,1
40,8500,1,1,3
50,8500,1,1,3
40,2500,1,1,1
30,2500,0,1,1
50,8500,1,1,3
40,8500,1,1,3
50,8500,1,1,3
40,6000,1,1,4
30,12500,1,1,5
50,6000,1,1,4
40,8500,1,1,3
30,12500,1,1,5
30,2500,1,1,1
40,2500,0,1,1
40,2500,0,1,1
50,15000,1,1,2
30,15000,1,1,2
50,15000,1,1,2
40,15000,1,1,2
30,2500,1,1,1
40,8500,1,1,3
50,2500,0,1,1
50,2500,0,1,1
30,8500,1,1,3
40,6000,1,1,4
40,6000,1,1,4
40,6000,1,1,4
50,15000,1,1,2
40,15000,1,1,2
30,15000,1,1,2
50,8500,1,1,3
30,6000,1,1,4
30,8500,1,1,3
50,2500,1,1,1
40,8500,1,1,3
30,12500,1,1,5
40,15000,1,1,2
50,15000,1,1,2
30,15000,1,1,2
30,2500,1,1,1
40,8500,1,1,3
60,8500,1,1,3
50,15000,1,1,2
30,15000,1,1,2
40,6000,1,1,4
30,15000,1,1,2
20,12500,1,1,5
50,15000,2,1,2
40,6000,1,1,4
40,12500,2,1,5
30,15000,1,1,2
40,15000,2,1,2
20,15000,2,1,2
40,8500,1,1,3
50,15000,2,1,2
50,15000,1,1,2
50,12500,1,1,5
50,6000,2,1,4
50,12500,0,1,5
20,15000,1,1,2
40,12500,1,1,5
30,8500,2,1,3
30,8500,2,1,3
30,8500,1,1,3
50,12500,1,1,5
30,2500,2,1,1
40,2500,2,1,1
50,2500,2,1,1
30,15000,2,1,2
40,15000,0,1,2
40,15000,0,1,2
50,6000,1,1,4
40,2500,0,1,1
50,15000,2,1,2
20,12500,1,1,5
50,15000,1,1,2
30,15000,2,1,2
50,15000,0,1,2
40,15000,1,1,2
50,15000,1,1,2
50,6000,0,1,4
60,15000,1,1,2
50,15000,1,1,2
50,8500,1,1,3
50,15000,1,1,2
50,15000,1,1,2
50,15000,1,1,2
50,15000,2,1,2
30,15000,1,1,2
40,15000,2,1,2
40,15000,1,1,2
50,15000,2,1,2
50,8500,1,1,3
40,15000,2,1,2
40,15000,1,1,2
60,15000,1,1,2
40,6000,1,1,4
60,15000,2,1,2
60,12500,1,1,5
60,15000,1,1,2
60,15000,2,1,2
30,15000,1,1,2
40,15000,1,1,2
50,6000,2,1,4
40,12500,0,1,5
30,12500,2,1,5
40,12500,1,1,5
50,15000,2,1,2
40,2500,2,1,1
30,15000,2,1,2
60,15000,2,1,2
40,12500,0,1,5
50,15000,1,1,2
50,15000,2,1,2
60,2500,1,1,1
30,15000,1,1,2
50,15000,2,1,2
30,15000,2,1,2
40,6000,1,1,4
30,6000,1,1,4
20,15000,1,1,2
20,15000,1,1,2
50,12500,1,1,5
50,8500,1,1,3
30,12500,1,1,5
20,15000,1,1,2
50,15000,1,1,2
20,15000,1,1,2
60,15000,2,1,2
30,8500,1,1,3
40,2500,2,1,1
40,15000,2,1,2
20,15000,2,1,2
50,15000,2,1,2
50,15000,1,1,2
50,15000,2,1,2
20,15000,1,1,2
20,15000,1,1,2
20,15000,2,1,2
30,2500,1,1,1
30,2500,1,1,1
20,15000,1,1,2
50,15000,1,1,2
60,15000,1,1,2
30,15000,1,1,2
20,15000,1,1,2
50,15000,1,1,2
20,15000,1,1,2
60,15000,2,1,2
30,8500,1,1,3
40,15000,2,1,2
40,15000,2,1,2
20,15000,2,1,2
50,15000,2,1,2
50,15000,1,1,2
30,15000,2,1,2
40,15000,2,1,2
30,2500,1,1,1
30,15000,1,1,2
50,15000,2,1,2
40,15000,2,1,2
50,15000,1,1,2
30,15000,0,1,2
40,15000,1,1,2
50,15000,1,1,2
20,2500,0,1,1
40,15000,2,1,2
40,2500,0,1,1
50,15000,2,1,2
30,2500,0,1,1
30,2500,0,1,1
40,15000,2,1,2
50,2500,2,1,1
50,2500,0,1,1
50,15000,1,1,2
50,15000,2,1,2
50,2500,0,1,1
40,15000,2,1,2
50,2500,0,1,1
50,2500,0,1,1
50,2500,2,1,1
50,2500,2,1,1
30,15000,2,1,2
50,15000,2,1,2
50,2500,0,1,1
30,15000,2,1,2
30,2500,0,1,1
50,2500,1,1,1
50,2500,2,1,1
30,2500,0,1,1
50,2500,1,1,1
50,2500,2,1,1
50,2500,0,1,1
50,2500,0,1,1
50,2500,0,1,1
40,2500,0,1,1
40,2500,2,1,1
50,2500,0,1,1
50,2500,0,1,1
50,2500,2,1,1
40,2500,2,1,1
50,2500,0,1,1
50,2500,0,1,1
50,2500,1,1,1
50,15000,2,1,2
30,15000,2,1,2
50,2500,0,1,1
40,15000,2,1,2
40,2500,2,1,1
50,15000,0,1,2
50,15000,2,1,2
50,15000,2,1,2
40,2500,1,1,1
40,15000,2,1,2
50,15000,2,1,2
30,15000,2,1,2
50,2500,1,1,1
30,2500,0,1,1
50,2500,0,1,1
30,15000,2,1,2
50,15000,1,1,2
30,2500,1,1,1
50,15000,1,1,2
50,2500,2,1,1
50,2500,0,1,1
50,2500,1,1,1
40,2500,0,1,1
40,15000,1,1,2
50,2500,2,1,1
50,2500,2,1,1
50,2500,2,1,1
60,2500,2,1,1
50,15000,1,1,2
50,2500,0,1,1
50,2500,1,1,1
40,2500,0,1,1
40,2500,0,1,1
40,2500,1,1,1
40,2500,0,1,1
30,2500,0,1,1
50,2500,0,1,1
50,2500,2,1,1
50,15000,2,1,2
50,15000,1,1,2
30,15000,1,1,2
30,15000,1,1,2
30,15000,0,1,2
30,15000,1,1,2
30,15000,1,1,2
30,12500,1,1,5
30,15000,0,1,2
30,15000,2,1,2
50,15000,2,1,2
50,15000,2,1,2
50,15000,1,1,2
20,15000,1,1,2
60,15000,2,1,2
60,15000,2,1,2
40,15000,1,1,2
30,15000,1,1,2
50,15000,1,1,2
60,12500,1,1,5
40,15000,2,1,2
50,15000,2,1,2
40,2500,2,1,1
60,2500,2,1,1
20,15000,2,1,2
50,15000,2,1,2
40,15000,2,1,2
20,15000,1,1,2
40,12500,2,1,5
30,12500,1,1,5
20,8500,2,1,3
30,12500,2,1,5
50,15000,2,1,2
40,8500,2,1,3
20,12500,1,1,5
50,12500,1,1,5
40,15000,2,1,2
50,15000,2,1,2
20,2500,2,1,1
20,15000,1,1,2
30,6000,1,1,4
20,8500,1,1,3
50,15000,2,1,2
50,2500,0,1,1
50,12500,2,1,5
50,15000,2,1,2
30,15000,2,1,2
20,12500,1,1,5
50,15000,1,1,2
40,15000,1,1,2
30,15000,1,1,2
30,15000,2,1,2
50,15000,2,1,2
30,15000,1,1,2
50,15000,2,1,2
50,15000,1,1,2
30,15000,2,1,2
40,15000,0,1,2
50,15000,2,1,2
50,15000,1,1,2
30,15000,1,1,2
30,15000,2,1,2
40,15000,1,1,2
40,15000,1,1,2
50,15000,2,1,2
30,15000,2,1,2
30,15000,1,1,2
40,15000,1,1,2
30,15000,2,1,2
40,15000,2,1,2
50,15000,2,1,2
40,15000,1,1,2
20,15000,2,1,2
30,15000,2,1,2
40,15000,0,1,2
50,12500,1,1,5
20,15000,1,1,2
20,15000,2,1,2
50,12500,2,1,5
50,15000,2,1,2
50,12500,2,1,5
30,15000,1,1,2
40,15000,1,1,2
50,15000,1,1,2
50,15000,0,1,2
50,15000,0,1,2
40,15000,1,1,2
30,15000,1,1,2
40,15000,1,1,2
50,12500,1,1,5
40,8500,2,1,3
30,15000,2,1,2
40,8500,2,1,3
50,15000,1,1,2
50,15000,1,1,2
50,15000,2,1,2
50,15000,0,1,2
50,15000,1,1,2
40,15000,1,1,2
50,15000,1,1,2
40,12500,2,1,5
50,15000,2,1,2
50,15000,2,1,2
40,12500,2,1,5
30,15000,1,1,2
40,15000,2,1,2
40,15000,2,1,2
20,15000,2,1,2
40,15000,2,1,2
20,15000,1,1,2
50,15000,2,1,2
40,15000,2,1,2
30,15000,1,1,2
40,15000,1,1,2
20,2500,0,1,1
30,15000,2,1,2
30,2500,0,1,1
50,15000,1,1,2
30,8500,1,1,3
40,8500,1,1,3
50,15000,2,1,2
40,8500,1,1,3
50,15000,1,1,2
30,12500,1,1,5
30,8500,2,1,3
20,2500,1,1,1
20,8500,1,1,3
40,8500,1,1,3
30,8500,1,1,3
50,15000,1,1,2
40,8500,1,1,3
30,8500,1,1,3
30,2500,0,1,1
30,2500,0,1,1
40,6000,0,1,4
40,15000,1,1,2
40,12500,1,1,5
30,15000,1,1,2
50,15000,1,1,2
40,15000,1,1,2
40,15000,1,1,2
40,2500,0,1,1
40,15000,1,1,2
50,2500,1,1,1
40,2500,0,1,1
30,2500,1,1,1
50,2500,1,1,1
40,2500,0,1,1
60,2500,0,1,1
30,2500,0,1,1
30,15000,1,1,2
30,15000,2,1,2
50,2500,1,1,1
30,2500,1,1,1
40,15000,0,1,2
40,15000,1,1,2
30,15000,1,1,2
50,15000,1,1,2
50,15000,1,1,2
20,15000,1,1,2
50,2500,2,1,1
50,15000,2,1,2
40,15000,1,1,2
40,15000,0,1,2
40,2500,0,1,1
50,15000,2,1,2
50,15000,1,1,2
40,2500,0,1,1
50,15000,1,1,2
30,8500,1,1,3
30,15000,2,1,2
30,2500,0,1,1
50,15000,2,1,2
50,15000,1,1,2
50,15000,2,1,2
50,15000,2,1,2
50,15000,1,1,2
30,15000,1,1,2
50,15000,1,1,2
50,15000,2,1,2
50,15000,1,1,2
30,15000,2,1,2
50,15000,2,1,2
30,15000,1,1,2
30,15000,1,1,2
30,15000,1,1,2
30,15000,1,1,2
30,15000,1,1,2
30,15000,1,1,2
30,15000,1,1,2
30,15000,1,1,2
50,15000,1,1,2
30,15000,2,1,2
40,2500,0,1,1
50,2500,1,1,1
30,2500,0,1,1
40,2500,0,1,1
50,2500,0,1,1
30,15000,1,1,2
50,2500,0,1,1
50,2500,2,1,1
40,2500,2,1,1
30,15000,2,1,2
30,8500,1,1,3
50,8500,1,1,3
40,15000,1,1,2
50,15000,1,1,2
50,8500,1,1,3
40,8500,1,1,3
50,12500,1,1,5
30,8500,1,1,3
40,15000,1,1,2
50,6000,1,1,4
30,8500,2,1,3
50,12500,2,1,5
50,8500,1,1,3
30,2500,0,1,1
30,12500,1,1,5
20,15000,1,1,2
20,2500,1,1,1
40,15000,1,1,2
40,6000,1,1,4
50,2500,0,1,1
60,2500,2,1,1
30,15000,2,1,2
50,15000,1,1,2
50,15000,2,1,2
30,15000,2,1,2
50,15000,2,1,2
30,15000,2,1,2
40,15000,2,1,2
50,15000,2,1,2
50,15000,2,1,2
40,15000,2,1,2
40,15000,2,1,2
40,12500,1,1,5
50,15000,1,1,2
40,15000,2,1,2
50,2500,2,1,1
50,12500,1,1,5
50,15000,2,1,2
50,15000,2,1,2
60,2500,0,1,1
40,15000,2,1,2
40,12500,2,1,5
40,15000,1,1,2
30,15000,1,1,2
40,15000,2,1,2
30,12500,2,1,5
50,15000,2,1,2
50,12500,1,1,5
40,15000,2,1,2
40,15000,2,1,2
30,15000,2,1,2
40,15000,1,1,2
50,12500,1,1,5
50,15000,1,1,2
30,12500,2,1,5
30,15000,2,1,2
50,15000,2,1,2
50,12500,2,1,5
40,15000,1,1,2
40,15000,1,1,2
50,12500,1,1,5
50,2500,1,1,1
50,15000,1,1,2
40,15000,2,1,2
30,15000,0,1,2
50,15000,1,1,2
50,2500,1,1,1
40,15000,1,1,2
50,15000,1,1,2
50,15000,1,1,2
50,12500,1,1,5
40,15000,2,1,2
50,12500,1,1,5
50,15000,1,1,2
50,15000,1,1,2
30,12500,1,1,5
20,15000,2,1,2
50,15000,2,1,2
50,15000,1,1,2
50,15000,0,1,2
40,15000,2,1,2
40,15000,1,1,2
30,15000,0,1,2
50,15000,2,1,2
30,15000,2,1,2
50,15000,1,1,2
40,12500,1,1,5
40,12500,2,1,5
40,15000,1,1,2
50,15000,0,1,2
50,15000,1,1,2
30,12500,0,1,5
40,12500,2,1,5
50,12500,2,1,5
50,12500,1,1,5
50,2500,2,1,1
20,15000,2,1,2
50,15000,1,1,2
40,15000,2,1,2
50,2500,1,0,1
50,8500,2,0,3
30,8500,2,0,3
30,6000,2,0,4
30,8500,2,0,3
30,15000,2,0,2
30,8500,2,0,3
30,12500,2,0,5
30,12500,2,0,5
20,2500,2,0,1
20,6000,2,0,4
20,2500,1,0,1
20,6000,2,0,4
20,6000,1,0,4
50,15000,1,0,2
40,6000,2,0,4
30,15000,2,0,2
20,8500,2,0,3
20,8500,1,0,3
20,6000,2,0,4
20,12500,2,0,5
20,12500,2,0,5
40,8500,1,0,3
50,2500,1,0,1
20,2500,0,0,1
20,12500,1,0,5
30,6000,2,0,4
20,6000,2,0,4
30,15000,2,0,2
40,8500,0,0,3
20,12500,2,0,5
50,15000,2,0,2
20,12500,2,0,5
20,15000,2,0,2
20,2500,2,0,1
20,2500,1,0,1
20,15000,0,0,2
30,8500,1,0,3
40,6000,1,0,4
50,6000,2,0,4
40,8500,2,0,3
40,2500,1,0,1
50,12500,2,0,5
40,8500,2,0,3
40,6000,1,0,4
20,2500,1,0,1
30,12500,1,0,5
30,12500,1,0,5
20,15000,0,0,2
30,8500,1,0,3
30,6000,1,0,4
20,6000,2,0,4
40,8500,1,0,3
20,2500,0,0,1
40,6000,1,0,4
20,8500,2,0,3
20,12500,2,0,5
20,2500,0,0,1
30,8500,1,0,3
30,8500,1,0,3
20,6000,1,0,4
20,8500,2,0,3
20,2500,2,0,1
30,12500,2,0,5
30,8500,2,0,3
30,2500,1,0,1
50,6000,2,0,4
20,8500,1,0,3
40,8500,2,0,3
30,15000,2,0,2
30,15000,2,0,2
30,12500,1,0,5
50,15000,2,0,2
50,15000,2,0,2
20,6000,1,0,4
20,2500,1,0,1
20,8500,1,0,3
50,15000,2,0,2
20,2500,0,0,1
50,15000,2,0,2
20,2500,0,0,1
20,8500,1,0,3
30,12500,1,0,5
20,15000,2,0,2
40,15000,2,0,2
20,2500,0,0,1
30,12500,2,0,5
20,8500,1,0,3
30,12500,1,0,5
20,8500,1,0,3
20,2500,1,0,1
20,15000,1,0,2
20,12500,2,0,5
20,2500,0,0,1
30,15000,2,0,2
30,12500,1,0,5
20,2500,0,0,1
20,2500,0,0,1
30,15000,2,0,2
20,6000,1,0,4
30,6000,1,0,4
40,12500,0,0,5
30,12500,2,0,5
20,2500,0,0,1
30,15000,1,0,2
30,12500,1,0,5
40,12500,2,0,5
50,2500,0,0,1
30,2500,1,0,1
20,12500,2,0,5
50,15000,2,0,2
30,15000,2,0,2
20,2500,1,0,1
40,2500,0,0,1
20,12500,0,0,5
30,12500,1,0,5
30,8500,1,0,3
20,8500,1,0,3
30,8500,1,0,3
30,15000,2,0,2
20,2500,2,0,1
20,15000,2,0,2
20,2500,0,0,1
20,6000,1,0,4
30,8500,1,0,3
50,2500,2,0,1
50,12500,2,0,5
30,6000,1,0,4
20,6000,1,0,4
50,6000,2,0,4
20,6000,1,0,4
30,15000,1,0,2
30,12500,2,0,5
20,8500,2,0,3
40,8500,2,0,3
30,6000,1,0,4
20,8500,1,0,3
50,8500,2,0,3
50,8500,2,0,3
20,2500,0,0,1
30,8500,2,0,3
20,15000,1,0,2
20,2500,0,0,1
20,2500,0,0,1
30,8500,1,0,3
20,2500,1,0,1
20,15000,1,0,2
20,2500,0,0,1
30,15000,1,0,2
30,15000,1,0,2
50,15000,1,0,2
40,15000,1,0,2
30,15000,2,0,2
40,15000,1,0,2
20,15000,2,0,2
20,2500,0,0,1
50,2500,0,0,1
30,15000,2,0,2
50,2500,0,0,1
50,6000,0,0,4
50,6000,0,0,4
20,15000,1,0,2
50,2500,1,0,1
20,12500,1,0,5
30,2500,1,0,1
40,15000,1,0,2
30,15000,1,0,2
50,8500,1,0,3
30,15000,1,0,2
50,6000,1,0,4
30,2500,1,0,1
30,15000,1,0,2
50,8500,1,0,3
30,15000,1,0,2
40,15000,1,0,2
30,15000,1,0,2
30,6000,1,0,4
40,12500,1,0,5
20,8500,1,0,3
40,15000,2,0,2
50,2500,1,0,1
20,6000,0,0,4
20,15000,1,0,2
30,15000,0,0,2
40,15000,1,0,2
20,15000,2,0,2
20,15000,1,0,2
50,15000,0,0,2
50,2500,2,0,1
20,8500,2,0,3
40,12500,2,0,5
50,8500,1,0,3
40,8500,2,0,3
40,8500,1,0,3
50,2500,0,0,1
40,15000,1,0,2
20,15000,2,0,2
20,2500,0,0,1
20,12500,2,0,5
20,15000,2,0,2
50,2500,2,0,1
30,6000,1,0,4
40,12500,1,0,5
30,15000,2,0,2
30,15000,2,0,2
20,8500,1,0,3
30,8500,2,0,3
20,15000,2,0,2
50,15000,2,0,2
20,15000,2,0,2
50,6000,1,0,4
50,8500,1,0,3
30,15000,2,0,2
30,15000,2,0,2
50,15000,2,0,2
40,15000,2,0,2
50,8500,2,0,3
30,8500,2,0,3
50,15000,2,0,2
40,2500,2,0,1
40,2500,2,0,1
50,15000,2,0,2
30,8500,2,0,3
50,2500,2,0,1
50,8500,2,0,3
50,2500,2,0,1
30,2500,1,0,1
30,2500,2,0,1
20,8500,2,0,3
20,15000,2,0,2
40,15000,1,0,2
30,2500,1,0,1
40,15000,2,0,2
40,8500,1,0,3
20,2500,2,0,1
50,15000,2,0,2
50,15000,2,0,2
50,8500,2,0,3
20,8500,0,0,3
50,15000,2,0,2
20,2500,0,0,1
20,2500,1,0,1
20,15000,0,0,2
20,2500,2,0,1
30,2500,1,0,1
20,8500,1,0,3
50,15000,1,0,2
30,15000,1,0,2
20,15000,1,0,2
30,15000,1,0,2
20,15000,2,0,2
20,15000,2,0,2
30,6000,1,0,4
50,12500,1,0,5
50,15000,2,0,2
30,15000,2,0,2
40,6000,2,0,4
20,2500,2,0,1
50,15000,2,0,2
50,15000,1,0,2
50,2500,2,0,1
50,2500,2,0,1
20,2500,1,0,1
20,8500,1,0,3
20,2500,1,0,1
20,8500,1,0,3
30,6000,1,0,4
30,2500,1,0,1
20,8500,1,0,3
20,2500,0,0,1
50,2500,1,0,1
50,12500,1,0,5
20,15000,1,0,2
40,8500,2,0,3
30,12500,1,0,5
50,2500,0,0,1
20,2500,0,0,1
40,15000,1,0,2
20,2500,0,0,1
20,15000,1,0,2
50,2500,0,0,1
30,15000,2,0,2
20,12500,2,0,5
20,8500,0,0,3
30,15000,2,0,2
20,2500,0,0,1
20,12500,2,0,5
20,2500,0,0,1
40,12500,0,0,5
50,2500,0,0,1
50,12500,2,0,5
30,15000,1,0,2
20,6000,1,0,4
20,15000,2,0,2
20,15000,0,0,2
50,2500,0,0,1
50,15000,2,0,2
30,15000,1,0,2
30,15000,2,0,2
20,15000,1,0,2
20,8500,1,0,3
20,8500,1,0,3
20,15000,1,0,2
20,2500,0,0,1
30,15000,2,0,2
20,15000,1,0,2
30,15000,2,0,2
20,2500,0,0,1
20,2500,1,0,1
20,15000,1,0,2
20,8500,1,0,3
20,8500,1,0,3
20,8500,1,0,3
30,15000,1,0,2
20,15000,1,0,2
30,8500,1,0,3
50,12500,1,0,5
20,15000,1,0,2
30,15000,2,0,2
30,15000,1,0,2
20,8500,1,0,3
20,15000,2,0,2
30,2500,1,0,1
50,15000,1,0,2
50,6000,2,0,4
50,6000,1,0,4
20,15000,2,0,2
20,2500,0,0,1
20,12500,2,0,5
30,8500,1,0,3
50,2500,1,0,1
30,2500,1,0,1
20,12500,1,0,5
20,6000,1,0,4
20,2500,0,0,1
50,15000,1,0,2
20,2500,1,0,1
50,12500,1,0,5
20,12500,1,0,5
20,2500,1,0,1
50,2500,0,0,1
40,2500,0,0,1
30,2500,1,0,1
20,6000,1,0,4
30,15000,1,0,2
20,15000,1,0,2
40,2500,0,0,1
50,6000,1,0,4
30,15000,1,0,2
50,15000,1,0,2
20,12500,1,0,5
20,15000,1,0,2
30,15000,1,0,2
20,2500,1,0,1
50,15000,1,0,2
50,8500,1,0,3
50,6000,1,0,4
60,15000,2,0,2
20,2500,2,0,1
20,12500,2,0,5
20,15000,2,0,2
40,15000,1,0,2
30,15000,2,0,2
50,15000,2,0,2
30,15000,1,0,2
30,15000,1,0,2
30,15000,1,0,2
20,15000,1,0,2
50,6000,0,0,4
60,15000,2,0,2
20,2500,2,0,1
20,2500,2,0,1
20,15000,2,0,2
40,15000,1,0,2
50,15000,2,0,2
20,15000,2,0,2
40,15000,1,0,2
50,15000,2,0,2
30,15000,1,0,2
40,2500,2,0,1
40,15000,1,0,2
50,15000,2,0,2
20,2500,1,0,1
20,2500,0,0,1
20,2500,0,0,1
20,2500,0,0,1
20,2500,0,0,1
20,2500,0,0,1
20,15000,1,0,2
20,2500,0,0,1
20,2500,0,0,1
50,2500,0,0,1
60,2500,1,0,1
50,2500,2,0,1
50,2500,0,0,1
20,2500,0,0,1
50,2500,1,0,1
20,15000,2,0,2
20,15000,1,0,2
30,2500,0,0,1
20,2500,0,0,1
20,2500,1,0,1
30,12500,1,0,5
50,2500,0,0,1
50,2500,1,0,1
20,2500,1,0,1
50,2500,2,0,1
30,15000,1,0,2
20,8500,1,0,3
20,15000,0,0,2
30,8500,1,0,3
50,15000,1,0,2
20,2500,1,0,1
20,8500,1,0,3
50,12500,1,0,5
20,2500,1,0,1
20,2500,1,0,1
30,8500,1,0,3
20,15000,1,0,2
20,2500,1,0,1
20,8500,1,0,3
20,2500,1,0,1
20,2500,1,0,1
30,15000,1,0,2
20,15000,1,0,2
50,15000,1,0,2
40,8500,1,0,3
30,15000,2,0,2
20,12500,2,0,5
20,15000,2,0,2
20,2500,1,0,1
20,15000,2,0,2
20,8500,0,0,3
20,15000,1,0,2
20,8500,0,0,3
20,15000,2,0,2
20,15000,2,0,2
20,2500,0,0,1
20,15000,2,0,2
20,15000,2,0,2
30,6000,1,0,4
30,15000,2,0,2
20,15000,1,0,2
30,12500,1,0,5
40,12500,0,0,5
20,12500,1,0,5
30,15000,2,0,2
20,2500,0,0,1
30,12500,1,0,5
20,15000,1,0,2
20,15000,0,0,2
20,15000,1,0,2
20,2500,0,0,1
30,15000,1,0,2
40,15000,2,0,2
20,8500,2,0,3
50,8500,1,0,3
30,15000,1,0,2
30,12500,1,0,5
50,12500,1,0,5
30,2500,0,0,1
50,2500,1,0,1
20,15000,1,0,2
30,2500,0,0,1
30,15000,1,0,2
30,15000,1,0,2
50,2500,1,0,1
30,2500,0,0,1
20,15000,0,0,2
20,15000,1,0,2
20,15000,2,0,2
20,12500,1,0,5
40,2500,0,0,1
20,2500,0,0,1
20,2500,1,0,1
20,8500,1,0,3
20,2500,0,0,1
20,2500,0,0,1
20,15000,2,0,2
30,15000,1,0,2
20,2500,2,0,1
30,15000,2,0,2
20,15000,1,0,2
20,15000,2,0,2
50,12500,1,0,5
50,12500,2,0,5

